function Z4coef_tableGE =   Z4tableGE_calculation()
 
   Z4coef_tableGE.MoMokVp27 = [...
        0.609,	1.066766918,	1.313508263;...
        0.967,	1.015429605,	1.357723697;...
        2.027,	0.987519681,	1.376687917;...
        2.994,	1.017639467,	1.368669463;...
        4.012,	1.06129948,	    1.341023141;...
        4.979,	1.159004668,	1.343840827;...
        6,	    1.241184438,	1.310666053
    ];
  
    Z4coef_tableGE.MoMokVp28 = [...
        0.609,	1.074029518,	1.304398728;...
        0.967,	1.013375275,	1.354475651;...
        2.027,	0.985478002,	1.375208599;...
        2.994,	1.014210479,	1.36686382;...
        4.012,	1.060625888,	1.34095905;...
        4.979,	1.14952916,	    1.338925799;...
        6,	    1.230633929,	1.308451692
    ];
   
     Z4coef_tableGE.MoRhkVp27 = [...
        0.609,	1.093328572,	1.317789405;...
        0.967,	1.019069579,	1.334162411;...
        2.027,	0.985834529,	1.36450699;...
        2.994,	1.005468675,	1.357064403;...
        4.012,	1.049890492,	1.334912053;...
        4.979,	1.12646164,	    1.337102942;...
        6,	    1.19711345,	    1.31264163
    ];

    Z4coef_tableGE.MoRhkVp28 = [...
        0.609,	1.080559073,	1.319980409;...
        0.967,	1.013375349,	1.336508225;...
        2.027,	0.984323514,	1.365588028;...
        2.994,	1.003797134,	1.35727888;...
        4.012,	1.048569542,	1.335538838;...
        4.979,	1.121738376,	1.334828238;...
        6,	    1.1888127,	1.309000399
    ];

    Z4coef_tableGE.MoRhkVp29 = [...
        0.609,	1.087863608,	1.213947566;...
        0.967,	1.01434561,	    1.329294708;...
        2.027,	0.984262171,	1.365465356;...
        2.994,	1.003234168,	1.356978025;...
        4.012,	1.045958236,	1.333374;...
        4.979,	1.117740884,	1.332204677;...
        6,	    1.177450744,	1.297896408;...
        7.006,	1.324432863,	1.30275287;...
        7.973,	1.435220454,	1.257081953
    ];

   Z4coef_tableGE.RhRhkVp28 = [...
        0.609,	1.035671429,	1.321471698;...
        0.967,	1.01226151,	    1.353492284;...
        2.027,	0.989268641,	1.364792131;...
        2.994,	1.008888967,	1.354074476;...
        4.012,	1.038798469,	1.336589877;...
        4.979,	1.104281578,	1.33701181;...
        6,	    1.16588001,	    1.317840821
    ];

   Z4coef_tableGE.RhRhkVp29 = [...
        0.609,	1.260958767,	1.284092491;...
        0.967,	1.01124552,	1.312187638;...
        2.027,	0.986180076,	1.364625516;...
        2.994,	1.005698519,	1.354583766;...
        4.012,	1.037337768,	1.337032053;...
        4.979,	1.099938249,	1.33611703;...
        6,	    1.151823465,	1.311310938;...
        7.006,	1.264983462,	1.316130413;...
        7.973,	1.351529617,	1.282066494
   ];

   Z4coef_tableGE.RhRhkVp30 = [...
        0.609,	1.013477736,	1.338106992;...
        0.967,	1.004754481,	1.353003934;...
        2.027,	0.983853275,	1.362267642;...
        2.994,	1.003050017,	1.354422553;...
        4.012,	1.03434502,	    1.336137594;...
        4.979,	1.095557401,    1.335124188;...
        6,	    1.144863927,	1.309630577;...
        7.006,	1.254816212,	1.313772748;...
        7.973,	1.340938796,    1.282586685

   ];

   Z4coef_tableGE.RhRhkVp31 = [...
        0.609,	1.005326065,	1.334859665;...
        0.967,	1.001798812,	1.337566247;...
        2.027,	0.981442504,	1.365161198;...
        2.994,	1.000677504,	1.353955026;...
        4.012,	1.034014633,	1.351861613;...
        4.979,	1.093491071,	1.348038135;...
        6,	    1.1405414,	    1.321061454;...
        7.006,	1.238740198,	1.322743859;...
        7.973,	1.310514204,	1.286166808

   ];

   Z4coef_tableGE.RhRhkVp32 = [...
        0.609,	1.005571426,	1.334131798;...
        0.967,	0.987443885,	1.368896345;...
        2.027,	0.976106791,	1.36688775;...
        2.994,	0.998668789,	1.353854545;...
        4.012,	1.036717895,	1.34;...
        4.979,	1.098190013,	1.33;...
        6,	    1.144550006,	1.305;...
        7.006,	1.241009859,	1.31;...
        7.973,	1.32,	        1.275
  ];
  









