function Z4coef_tableBig =   Z4tableBig_calculation()
 
   Z4coef_tableBig.kVp24 = [...
       0.6,	1.253236643,	1.260986612;...
       0.8,	1.140750692,	1.292493402;...
        1,	1.08580263,	    1.313566185;...
        2,	0.988887152,	1.347092862;...
        3,	0.987977683,	1.354310619;...
        4,	1.002842294,	1.342807281;...
        5,	1.045766733,    1.33604893;...
        6,	1.101717332,    1.327084975;...
        7,	1.182108128,    1.32016867
    ];
  
    Z4coef_tableBig.kVp25 = [...
      0.6,	1.23351418,     1.270197632;...
      0.8,	1.130654551,	1.299532504;...
       1,	1.077733203,	1.320463132;...
       2,	0.987218285,	1.351719701;...
       3,	0.984280225,	1.357352344;...
       4,	1.002842294,	1.342807281;...
       5,	1.045766733,    1.33604893;...
       6,	1.101717332,    1.327084975;...
       7,	1.182108128,    1.32016867
    ];
   
     Z4coef_tableBig.kVp26 = [...
      0.6,	1.183457149,	1.290185361;...
      0.8,	1.104096831,	1.314607075;...
       1,	1.060334069,	1.334690744;...
       2,	0.985176059,	1.3591305;...
       3,	0.981975635,	1.362251126;...
       4,	1.002842294,	1.342807281;...
       5,	1.045766733,	1.33604893;...
       6,	1.101717332,	1.327084975;...
       7,	1.182108128,	1.32016867
    ];

    Z4coef_tableBig.kVp27 = [...
        0.6,	1.157246872,	1.302785823;...
        0.8,	1.089403065,	1.324372096;...
        1,      1.050788267,	1.343202884;...
        2,      0.985348441,	1.362582376;...
        3,      0.982922716,	1.363267525;...
        4,      0.996259462,	1.343945335;...
        5,      1.03489762,     1.336919674;...
        6,      1.087008558,	1.330034037;...
        7,      1.15,           1.32
    ];

    Z4coef_tableBig.kVp28 = [...
        0.6,	1.108823166,	1.327694126;...
        0.8,	1.06239788,     1.343965789;...
        1,      1.033292336,	1.356629612;...
        2,      0.984283881,	1.368641878;...
        3,      0.983470062,	1.364826744;...
        4,      0.995124528,	1.340470869;...
        5,      1.028682471,	1.330159787;...
        6,      1.075069614,	1.320105839;...
        7,      1.13,           1.31
    ];

   Z4coef_tableBig.kVp29 = [...
        0.6,	1.08883497,     1.339218168;...
        0.8,	1.052052254,	1.352797146;...
        1,      1.031863419,	1.358001114;...
        2,      0.985882976,	1.367511719;...
        3,      0.985221907,	1.361280582;...
        4,      0.996031536,	1.334702867;...
        5,      1.025717087,	1.320760377;...
        6,      1.066264912,	1.306224142;...
        7,      1.115,          1.3
    ];

   Z4coef_tableBig.kVp30 = [...
        0.6,	1.063695141,	1.235546134;...
        0.8,	1.036576372,	1.367590076;...
        1,      1.021502889,    1.367549379;...
        2,      0.986164069,    1.371253298;...
        3,      0.98673748,     1.360988007;...
        4,      0.993201484,    1.331854896;...
        5,      1.019395983,	1.315675168;...
        6,      1.057009668,	1.30072066;...
        7,      1.101,          1.3
   ];

   Z4coef_tableBig.kVp31 = [...
        1,	1.014909935,	1.372945898;...
        2,	0.988681365,	1.372446965;...
        3,	0.990342983,	1.358834303;...
        4,	0.993559641,	1.326752571;...
        5,	1.016568439,	1.308124863;...
        6,	1.050406996,	1.291239356;...
        7,	1.095,          1.290428337
   ];

   Z4coef_tableBig.kVp32 = [...
        1,	1.012705871	1.36452688
        2,	0.980399842	1.372754484
        3,	0.980508072	1.365736801
        4,	0.981647742	1.332929598
        5,	1.007115235	1.321418432
        6,	1.044170188	1.304623712		
        7	1.092705946	1.290428337
        8	1.154931788	1.282323505
   ];

   Z4coef_tableBig.kVp33 = [...
        1,	1.011283802,	1.340411778
        2,	0.984237263,	1.373607018
        3,	0.985253427,	1.36419086
        4,	0.982944728,	1.329362676
        5,	1.006714579,	1.316179627
        6,  1.04384992,     1.301990373
        7,	1.097306202,	1.29316029
        8,	1.164788763,	1.28753508
  ];

   Z4coef_tableBig.kVp34 = [...
        1,	1.011283802,	1.340411778
        2,	0.984237263,	1.373607018
        3,	0.985253427,	1.36419086
        4,	0.982944728,	1.329362676
        5,	1.006714579,	1.316179627
        6,  1.04384992,     1.301990373
        7,	1.097306202,	1.29316029
        8,	1.164788763,	1.28753508
  ];









