function [energy, coeff] = coeff_breast()
data_breast=[...  %data from http://physics.nist.gov/PhysRefData/XrayMassCoef/ComTab/breast.html  density=1.02 
    1.00000  3.263E+03;...
       1.03542  2.975E+03;...
       1.07210  2.710E+03;...
       1.07310  2.716E+03;...
       1.50000  1.088E+03;...
       2.00000  4.842E+02;...
       2.14550  3.961E+02;...
       2.14650  3.983E+02;...
       2.30297  3.250E+02;...
       2.47200  2.649E+02;...
       2.47300  2.686E+02;...
       2.64140  2.221E+02;...
       2.82240  1.831E+02;...
       2.82340  1.845E+02;...
       3.00000  1.546E+02;...
       4.00000  6.625E+01;...
       5.00000  3.407E+01;...
       6.00000  1.972E+01;...
       8.00000  8.320E+00;...  
       10  4.295E+00;...
       15  1.378E+00;...
       20  6.889E-01;...
       30  3.403E-01;...
       40  2.530E-01;...
       50  2.186E-01;...  
       60  2.006E-01;...
       80  1.808E-01;...
       100  1.688E-01;...
       150  1.493E-01;...
       ];
   energy = data_breast(19:24,1);
   coeff = data_breast(19:24,2);
   % figure;
   %plot(energy, coeff, '-bo');
  %set(gca, 'XLim', [2 30]);
   %grid on;
   
   