function rio_calculation()
    angle = 14.72 * 360 / 6.24;
    roi_xsize = 0.75;
    roi_ysize
    step_height = 1.2:0.725:7;
    
    Phanto
    
    
    rio1_a.x=-1.7272;roi1_a(1).y=1.98374;roi_a(1).z=6.70306;
    roi1_b(2).x=-0.78232;roi1_b(2).y=1.99644;roi1_b(2).z=6.7437;
    ro_a(3).x=-0.73406;Phantom_a(3).y=0;Phantom_a(3).z=6.77926;
    Phantom_a(4).x=-1.7272;Phantom_a(4).y=0;Phantom_a(4).z=6.77164;