% Data from NIST
% S. Prevrhal 17OCT2003
% First column Energy in kV, second mass attenuation coefficient (g/cm^2)
global SimulationX
SimulationX.data.Water = [...
       1.00000  4.078E+03;...
       1.50000  1.376E+03;...
       2.00000  6.173E+02;...
       3.00000  1.929E+02;...
       4.00000  8.278E+01;...
       5.00000  4.258E+01;...
       6.00000  2.464E+01;...
       8.00000  1.037E+01;...
       10.0000  5.329E+00;...
       15.0000  1.673E+00;...
       20.0000  8.096E-01;...
       30.0000  3.756E-01;...
       40.0000  2.683E-01;...
       50.0000  2.269E-01;...
       60.0000  2.059E-01;...
       80.0000  1.837E-01;...
       100.000  1.707E-01;...
       150.000  1.505E-01;...
       200.000  1.370E-01;...
       300.000  1.186E-01;...
       400.000  1.061E-01;...
       500.000  9.687E-02;...
       600.000  8.956E-02;...
       800.000  7.865E-02;...
       1000.00  7.072E-02];

SimulationX.data.CorticalBone = [...
       1.00000  3.781E+03;...
       1.03542  3.452E+03;...
       1.07209  3.150E+03;...
       1.07210  3.156E+03;...
       1.18283  2.434E+03;...
       1.30499  1.873E+03;...
       1.30500  1.883E+03;...
       1.50000  1.295E+03;...
       2.00000  5.869E+02;...
       2.14549  4.824E+02;...
       2.14550  7.114E+02;...
       2.30297  5.916E+02;...
       2.47199  4.907E+02;...
       2.47200  4.962E+02;...
       3.00000  2.958E+02;...
       4.00000  1.331E+02;...
       4.03809  1.296E+02;...
       4.03810  3.332E+02;...
       5.00000  1.917E+02;...
       6.00000  1.171E+02;...
       8.00000  5.323E+01;...
       10.0000  2.851E+01;...
       15.0000  9.032E+00;...
       20.0000  4.001E+00;...
       30.0000  1.331E+00;...
       40.0000  6.655E-01;...
       50.0000  4.242E-01;...
       60.0000  3.148E-01;...
       80.0000  2.229E-01;...
       100.000  1.855E-01;...
       150.000  1.480E-01;...
       200.000  1.309E-01;...
       300.000  1.113E-01;...
       400.000  9.908E-02;...
       500.000  9.022E-02;...
       600.000  8.332E-02;...
       800.000  7.308E-02;...
       1000.00  6.566E-02];

SimulationX.rho.CesiumIodide=4.510;
SimulationX.data.CesiumIodide = [...
       1.00000  9.234E+03; ...
       1.03199  8.653E+03; ...
       1.06500  8.098E+03; ...
       1.06501  8.339E+03; ...
       1.06854  8.281E+03; ...
       1.07210  8.224E+03; ...
       1.07211  8.387E+03; ...
       1.14230  7.344E+03; ...
       1.21710  6.413E+03; ...
       1.21711  6.569E+03; ...
       1.50000  4.132E+03; ...
       2.00000  2.114E+03; ...
       3.00000  7.880E+02; ...
       4.00000  3.836E+02; ...
       4.55710  2.752E+02; ...
       4.55711  5.174E+02; ...
       4.70229  4.851E+02; ...
       4.85210  4.510E+02; ...
       4.85211  5.637E+02; ...
       5.00000  5.296E+02; ...
       5.01190  5.268E+02; ...
       5.01191  7.511E+02; ...
       5.09924  7.193E+02; ...
       5.18810  6.881E+02; ...
       5.18811  7.453E+02; ...
       5.27305  7.196E+02; ...
       5.35940  6.875E+02; ...
       5.35941  7.923E+02; ...
       5.53401  7.323E+02; ...
       5.71430  6.761E+02; ...
       5.71431  7.268E+02; ...
       6.00000  6.448E+02; ...
       8.00000  3.071E+02; ...
       10.0000  1.711E+02; ...
       15.0000  5.815E+01; ...
       20.0000  2.686E+01; ...
       30.0000  9.045E+00; ...
       33.1694  6.923E+00; ...
       33.1695  2.122E+01; ...
       34.5483  2.687E+01; ...
       35.9846  1.719E+01; ...
       35.9847  3.027E+01; ...
       40.0000  2.297E+01; ...
       50.0000  1.287E+01; ...
       60.0000  7.921E+00; ...
       80.0000  3.677E+00; ...
       100.000  2.035E+00; ...
       150.000  7.290E-01; ...
       200.000  3.805E-01; ...
       300.000  1.818E-01; ...
       400.000  1.237E-01; ...
       500.000  9.809E-02; ...
       600.000  8.373E-02; ...
       800.000  6.769E-02; ...
       1000.00  5.848E-02];

SimulationX.rho.Beryllium=1.848;
SimulationX.data.Beryllium = [...
       1.00000  6.041E+02; ...
       1.50000  1.797E+02; ...
       2.00000  7.469E+01; ...
       3.00000  2.127E+01; ...
       4.00000  8.685E+00; ...
       5.00000  4.369E+00; ...
       6.00000  2.527E+00; ...
       8.00000  1.124E+00; ...
       10.0000  6.466E-01; ...
       15.0000  3.070E-01; ...
       20.0000  2.251E-01; ...
       30.0000  1.792E-01; ...
       40.0000  1.640E-01; ...
       50.0000  1.554E-01; ...
       60.0000  1.493E-01; ...
       80.0000  1.401E-01; ...
       100.000  1.328E-01; ...
       150.000  1.190E-01; ...
       200.000  1.089E-01; ...
       300.000  9.463E-02; ...
       400.000  8.471E-02; ...
       500.000  7.739E-02; ...
       600.000  7.155E-02; ...
       800.000  6.286E-02; ...
       1000.00  5.652E-02];

SimulationX.rho.PMMA=1.190;
SimulationX.data.PMMA =[ ...
       1.00000  2.794E+03; ...
       1.50000  9.153E+02; ...
       2.00000  4.037E+02; ...
       3.00000  1.236E+02; ...
       4.00000  5.247E+01; ...
       5.00000  2.681E+01; ...
       6.00000  1.545E+01; ...
       8.00000  6.494E+00; ...
       10.0000  3.357E+00; ...
       15.0000  1.101E+00; ...
       20.0000  5.714E-01; ...
       30.0000  3.032E-01; ...
       40.0000  2.350E-01; ...
       50.0000  2.074E-01; ...
       60.0000  1.924E-01; ...
       80.0000  1.751E-01; ...
       100.000  1.641E-01; ...
       150.000  1.456E-01; ...
       200.000  1.328E-01; ...
       300.000  1.152E-01; ...
       400.000  1.031E-01; ...
       500.000  9.410E-02; ...
       600.000  8.701E-02; ...
       800.000  7.641E-02; ...
       1000.00  6.870E-02];

SimulationX.rho.PE=0.93;
SimulationX.data.PE = [ ...
       1.00000  1.894E+03; ...
       1.50000  5.999E+02; ...
       2.00000  2.593E+02; ...
       3.00000  7.743E+01; ...
       4.00000  3.242E+01; ...
       5.00000  1.643E+01; ...
       6.00000  9.432E+00; ...
       8.00000  3.975E+00; ...
       10.0000  2.088E+00; ...
       15.0000  7.452E-01; ...
       20.0000  4.315E-01; ...
       30.0000  2.706E-01; ...
       40.0000  2.275E-01; ...
       50.0000  2.084E-01; ...
       60.0000  1.970E-01; ...
       80.0000  1.823E-01; ...
       100.000  1.719E-01; ...
       150.000  1.534E-01; ...
       200.000  1.402E-01; ...
       300.000  1.217E-01; ...
       400.000  1.089E-01; ...
       500.000  9.947E-02; ...
       600.000  9.198E-02; ...
       800.000  8.078E-02; ...
       1000.00  7.262E-02];

 SimulationX.rho.Sn=7.310;
SimulationX.data.Sn = [ ...
       1.000000	8157; ...
    1.500000	3296; ...
    2.000000	1665; ...
    3.000000	614.3; ...
    3.928800	311.4; ...
    3.928910	928.5; ...
    4.000000	939.3; ...
    4.156100	846.9; ...
    4.156210	1145; ...
    4.307640	1060; ...
    4.464700	971.2; ...
    4.464810	1117; ...
    5.000000	847.1; ...
    6.000000	529.4; ...
    8.000000	250; ...
    10.000000	138.4; ...
    15.000000	46.64; ...
    20.000000	21.46; ...
    29.200100	7.76; ...
    29.20100	43.6; ...
    30.000000	41.21; ...
    40.000000	19.42; ...
    50.000000	10.7; ...
    60.000000	6.564; ...
    80.000000	3.029; ...
    100.000000	1.676; ...
    150.000000	0.6091; ...
    200.000000	0.326; ...
    300.000000	0.1639; ...
    400.000000	0.1156; ...
    500.000000	0.09374; ...
    600.000000	0.08113; ...
    800.000000	0.06662; ...
    1000.000000	0.058; ...
    1250.000000	0.05095; ...
    1500.000000	0.04638; ...
    2000.000000	0.04112; ...
    3000.000000	0.03686; ...
    4000.000000	0.03561; ...
    5000.000000	0.03548; ...
    6000.000000	0.03583; ...
    8000.000000	0.03724; ...
    10000.000000	0.03895; ...
    15000.000000	0.04315; ...
    20000.000000	0.04662];