function UKcoef_tables =  UKtable_calculation()
  %
     UKcoef_tables = [...
        2,	0.99,	1.34;...
        3,	0.994,	1.438;...
        4,	1.005,	1.560;...
        5,	1.081,	1.576;...
        6,	1.200,	1.532;...
        7,	1.295,	1.543];
  %}
    %{
    coef_tables.klean = [...
        0.6	1.141232576;...
        1	1.027067362;...
        2	0.987806891;...
        3	0.989457211;...
        4	1.002491531;...
        5	1.014688047;...
        6	1.046649061;...
        7	1.083331487;...
        8	1.122225234
    ];
    coef_tables.km = [...
        0.6	1.338637027;...
        1	1.361214685;...
        2	1.380645625;...
        3	1.373403322;...
        4	1.363031599;...
        5	1.322178147;...
        6	1.30498946;...
        7	1.292302023;...
        8	1.276872548
       ];
   %}