function coef_tables =  Z4table_calculation()
  %
     coef_tables = [...
        0.6	1.141232576	1.338637027;...
        1	1.027067362	1.361214685;...
        2	0.987806891	1.380645625;...
        3	0.989457211	1.373403322;...
        4	1.002491531	1.363031599;...
        5	1.014688047	1.322178147;...
        6	1.046649061	1.30498946;...
        7	1.083331487	1.292302023;...
        8	1.122225234	1.276872548
    ];
  %}
    %{
    coef_tables.klean = [...
        0.6	1.141232576;...
        1	1.027067362;...
        2	0.987806891;...
        3	0.989457211;...
        4	1.002491531;...
        5	1.014688047;...
        6	1.046649061;...
        7	1.083331487;...
        8	1.122225234
    ];
    coef_tables.km = [...
        0.6	1.338637027;...
        1	1.361214685;...
        2	1.380645625;...
        3	1.373403322;...
        4	1.363031599;...
        5	1.322178147;...
        6	1.30498946;...
        7	1.292302023;...
        8	1.276872548
       ];
   %}