X =

   43.9789 -936.9022
  -68.8993  871.1212
    6.7795  -12.3583
   26.8230  -61.6678
    0.0135    1.2089
   -3.3405   -0.9795


Result =

    2.0076  102.4023
    1.9407   61.7234
    1.9808   28.3991
   10.0347  101.3207
    9.9059   65.7454
   10.0502   24.1437
   19.4806   96.6379
   20.3350   69.2158
   19.6986   33.4902
    2.0077  102.1021
    1.9364   62.2204
    1.9877   28.0646
   10.0450  101.7025
    9.9224   65.1568
   10.0362   24.5388
   19.5298   97.4658
   20.1620   67.3141
   19.7014   32.9260
    2.0142   97.7401
    1.9201   65.3768
    2.0033   26.5503
   10.1012  100.3086
    9.9133   66.2280
    9.9190   28.6235
   19.1352   99.2520
   20.1788   67.4169
   19.8967   31.5049
    2.0140   97.7169
    1.9208   65.3804
    2.0014   26.7862
   10.0979  100.5023
    9.9094   66.3788
    9.9072   29.0739
   19.1475   98.9398
   20.1947   67.0385
   19.8993   31.3988
    2.0062  100.5260
    1.9461   60.1212
    2.0807   18.5047
   10.1217   99.0670
    9.9881   63.8044
    9.9540   28.4842
   19.7808  102.4256
   20.1754   67.1383
   20.0917   30.2526
    2.0062  100.5260
    1.9461   60.1212
    2.0807   18.5047
   10.1217   99.0670
    9.9881   63.8044
    9.9540   28.4842
   19.7808  102.4256
   20.1754   67.1383
   20.0917   30.2526
    2.0135   98.9492
    1.9690   57.1837
    2.0597   20.7143
   10.0352  101.7920
    9.9980   62.0431
    9.9748   27.4470
   19.6341  101.1963
   20.0715   70.0229
   19.8111   34.3234
    2.0214   93.3668
    1.9308   63.3097
    2.0926   18.3060
   10.0568  101.9931
    9.9608   64.2423
   10.7222   24.8520
   20.5097  102.8131
   20.1853   66.8375
   20.0013   31.1137
    2.0022  103.6375
    1.9277   66.7176
    1.9471   32.9877
   10.0819  100.8834
    9.9140   66.5804
    9.9454   29.5473
   19.5148   97.3711
   20.2026   66.3945
   19.9410   28.7351
    2.0147   99.7337
    1.9315   64.1064
    2.0469   23.1260
   10.1081  100.0641
    9.9716   63.6640
    9.9123   29.2319
   19.1908   96.3285
   20.2865   65.7811
   20.0817   27.9850
    2.0098   98.4995
    1.9153   67.9965
    1.9956   28.3655
   10.0983   99.9823
    9.9034   66.4808
   10.1493   24.5966
   20.6992   99.3240
   20.4835   61.4349
   20.0237   33.2125
    2.0178   98.4844
    1.9339   62.8923
    1.9899   28.8578
   10.0609  101.3919
    9.9195   66.2732
   11.1219   31.0928
   20.6871   99.6546
   19.9390   73.1846
   20.0873   29.4886
    2.0065   98.2922
    1.9564   59.3475
    1.9415   33.8852
   10.0896  100.4617
    9.9563   64.6240
   10.2911   28.3208
   20.5830  100.1971
   19.9813   71.6496
   20.0915   29.7992
    2.0028   99.3959
    1.9494   61.8983
    1.9673   31.6943
   10.0452  103.5273
    9.8790   66.8986
   10.2885   28.0295
   20.6487  101.8925
   20.1349   69.3492
   19.8324   33.7006
    2.0152   98.4810
    1.9586   61.1701
    2.0879   19.1199
   10.0679  101.5786
    9.9568   63.9544
    9.9916   26.4365
   19.0593  101.4203
   20.2900   65.5776
   19.8676   31.2160
    2.0134  100.3724
    1.9598   62.9304
    2.0323   26.2992
   10.0256  101.8560
    9.8963   67.2150
   10.0866   26.0560
   20.8921   96.0891
   20.2659   66.6732
   19.6206   33.3577
    2.0345   93.7395
    1.9525   62.3935
    1.9980   28.7117
   10.0904  100.1536
   10.0343   61.6724
   10.0212   25.7546
   20.5942   98.3261
   19.9148   73.7399
   18.6166   28.0766
    2.0286   95.6324
    1.9376   63.8411
    1.9724   28.9859
   10.1538   98.2275
    9.9878   63.2079
   10.0245   25.2704
   19.2519   96.3864
   19.8776   74.0228
   19.8116   33.0920
    2.0066  101.3148
    1.9514   60.5779
    2.0198   24.4569
   10.0532  101.4057
    9.9319   65.1963
    9.9790   27.9592
   19.4217   94.7406
   20.2023   66.7630
   19.8320   34.6193
    2.0086  100.4283
    1.9262   65.8258
    1.9616   31.2601
   10.1263   99.9367
    9.9078   66.4002
    9.9850   27.1493
   19.3328   98.7027
   20.3020   64.0922
   19.8698   30.9638
    2.0078   97.6535
    1.9114   67.9714
    2.0555   21.7817
   10.1085   98.4352
    9.8819   67.0062
   10.0078   25.6659
   20.6716   99.6747
   20.2027   68.8310
   19.9694   32.1283


dev_thickness =

    0.2801


dev_density =

    2.7513